1 5
2 1
3 5
4 1
5 1
6 3
7 5
8 2
9 5
12 3
13 2
14 7
16 2
17 4
18 4
19 2
23 4
24 5
25 8
26 7
27 5
28 5
29 5
31 2
32 1
34 1
36 9
37 2
38 4
39 6
42 5
43 5
45 6
46 5
47 2
48 3
49 3
52 8
53 7
54 6
56 4
57 3
58 2
59 3
61 4
62 4
64 5
65 4
67 1
68 1
69 1
71 4
72 1
73 2
74 1
76 2
78 9
79 8
81 7
83 7
84 7
85 1
86 7
87 9
89 7
91 2
92 1
93 6
94 1
96 3
97 8
98 7
124 7
126 7
127 4
128 4
129 4
134 8
136 8
137 4
138 4
139 6
142 3
143 2
146 2
148 3
149 2
163 8
164 7
167 8
168 7
169 3
172 6
173 2
176 2
178 6
179 6
182 3
183 6
186 3
187 6
189 6
193 6
194 7
196 3
197 8
198 7
235 7
236 7
237 5
238 5
239 6
243 9
246 3
247 9
248 3
249 3
253 7
254 6
256 4
257 3
259 3
263 4
264 5
265 4
268 4
269 3
273 4
274 9
276 9
278 9
279 8
283 4
284 3
286 3
287 9
289 7
293 6
294 3
296 3
297 8
298 7
314 8
316 8
317 4
318 4
319 6
324 9
326 9
327 4
328 4
329 6
342 9
346 9
347 2
348 9
349 6
361 2
362 1
364 1
367 1
368 1
371 4
374 1
376 8
378 9
379 8
381 6
382 1
386 9
387 6
389 6
391 2
392 4
394 1
397 4
398 4
423 9
426 3
427 9
428 3
429 3
432 9
436 9
437 2
438 9
439 6
452 8
453 7
457 3
458 2
459 2
462 3
463 9
467 2
468 2
469 3
473 5
475 3
476 3
478 3
479 3
482 5
485 2
486 2
487 2
489 2
492 5
495 2
496 2
497 2
498 2
523 7
524 6
526 4
527 3
529 3
532 4
534 6
536 4
538 4
539 4
542 8
543 7
547 3
548 2
549 2
562 7
563 7
567 3
568 2
569 3
572 8
574 2
576 2
578 2
579 2
583 7
584 3
586 3
587 3
589 3
592 8
594 2
596 2
597 2
598 2
612 5
615 9
617 5
618 5
619 5
621 5
625 8
627 5
628 5
629 7
641 7
642 1
647 1
648 1
649 1
651 9
652 8
657 1
658 2
659 1
672 5
674 2
675 2
678 2
679 2
682 5
684 2
685 2
687 2
689 2
692 7
694 2
695 2
697 2
698 2
712 6
713 2
716 2
718 6
719 6
723 4
724 9
726 9
728 9
729 8
731 4
734 1
736 8
738 9
739 8
742 9
743 2
746 2
748 9
749 8
761 8
763 8
764 1
768 9
769 8
781 4
782 1
783 1
784 1
786 1
791 2
792 1
793 2
794 2
796 2
813 5
814 5
815 9
816 5
819 5
831 5
834 5
835 1
836 9
839 6
841 5
843 5
845 6
846 5
849 3
853 7
854 3
856 3
857 3
859 3
861 5
863 9
864 5
865 4
869 3
871 4
873 5
874 1
875 3
876 1
891 5
893 6
894 3
895 1
896 3
913 6
914 7
916 3
917 8
918 7
923 6
924 3
926 3
927 8
928 7
931 2
932 4
934 1
937 4
938 4
942 3
943 6
946 3
947 8
948 7
961 2
962 7
964 1
967 8
968 7
971 2
972 1
973 2
974 2
976 2
981 3
982 1
983 6
984 3
986 3
1246 8
1248 6
1249 6
1264 8
1268 4
1269 4
1276 8
1278 6
1279 6
1286 7
1287 6
1289 6
1296 7
1297 6
1298 6
1346 7
1347 6
1349 6
1364 7
1367 4
1369 4
1376 8
1378 6
1379 6
1386 9
1387 6
1389 6
1394 8
1397 4
1398 4
1426 8
1428 6
1429 6
1436 8
1438 6
1439 8
1463 8
1468 3
1469 3
1482 6
1486 2
1489 2
1493 8
1496 3
1498 3
1634 7
1637 4
1639 4
1643 8
1648 3
1649 3
1673 4
1674 3
1679 3
1683 9
1684 3
1689 3
1694 7
1697 8
1698 7
1723 8
1728 3
1729 3
1736 8
1738 6
1739 6
1763 8
1768 9
1769 8
1782 3
1783 2
1789 2
1792 3
1793 2
1798 2
1826 7
1827 6
1829 6
1832 7
1837 2
1839 2
1862 7
1867 9
1869 7
1872 3
1873 2
1879 2
1892 3
1893 2
1897 2
1934 8
1937 4
1938 4
1943 8
1946 3
1948 3
1964 7
1967 8
1968 7
1973 4
1974 3
1976 3
1983 6
1984 3
1986 3
2356 8
2358 6
2359 6
2365 8
2368 5
2369 5
2376 9
2378 6
2379 6
2386 7
2387 6
2389 6
2395 7
2397 5
2398 5
2436 7
2437 6
2438 6
2467 9
2468 7
2469 7
2473 6
2476 3
2478 3
2486 7
2487 9
2489 7
2496 7
2497 8
2498 7
2534 9
2536 4
2539 4
2543 7
2547 3
2549 3
2563 7
2567 3
2569 7
2574 6
2576 4
2579 4
2594 6
2596 4
2597 4
2635 8
2638 5
2639 5
2643 9
2648 3
2649 3
2653 8
2658 3
2659 3
2683 5
2685 3
2689 3
2694 5
2695 4
2698 4
2736 9
2738 6
2739 6
2743 6
2746 3
2748 3
2763 4
2764 3
2768 3
2783 4
2784 3
2786 3
2793 6
2794 3
2796 3
2836 7
2837 6
2839 6
2846 7
2847 9
2849 7
2864 7
2867 9
2869 7
2873 4
2874 3
2876 3
2893 4
2894 3
2896 3
2934 7
2937 4
2938 4
2946 7
2947 8
2948 7
2964 7
2967 8
2968 7
2973 6
2974 3
2976 3
2983 4
2984 3
2986 3
3146 7
3147 6
3149 6
3164 7
3167 4
3169 4
3176 8
3178 6
3179 6
3186 9
3187 6
3189 6
3194 8
3197 4
3198 4
3246 7
3247 6
3248 6
3264 7
3267 4
3268 4
3276 9
3278 6
3279 6
3286 7
3287 6
3289 6
3294 7
3297 4
3298 4
3426 7
3427 6
3428 6
3462 7
3467 2
3468 2
3476 8
3478 9
3479 8
3482 6
3486 2
3487 2
3492 7
3497 8
3498 7
3614 8
3617 8
3618 4
3624 7
3627 4
3628 4
3642 7
3647 2
3648 2
3672 4
3674 2
3678 2
3682 4
3684 2
3687 2
3716 8
3718 6
3719 6
3746 8
3748 9
3749 8
3761 4
3764 1
3769 1
3781 4
3784 1
3786 1
3791 4
3794 1
3796 1
3812 7
3817 2
3819 2
3826 7
3827 6
3829 6
3861 2
3862 1
3867 1
3871 2
3872 1
3879 1
3891 2
3892 1
3897 1
3914 8
3917 4
3918 4
3921 7
3927 1
3928 1
3942 7
3947 8
3948 7
3971 2
3972 1
3978 1
3981 2
3982 1
3987 1
4236 7
4237 6
4238 6
4267 9
4268 7
4269 7
4273 6
4276 3
4278 3
4286 7
4287 9
4289 7
4296 7
4297 8
4298 7
4326 7
4327 6
4328 6
4362 7
4367 2
4368 2
4376 8
4378 9
4379 8
4382 6
4386 2
4387 2
4392 7
4397 8
4398 7
4523 7
4527 3
4529 3
4532 8
4538 2
4539 2
4572 9
4578 2
4579 2
4583 7
4587 3
4589 3
4593 7
4597 3
4598 3
4627 9
4628 7
4629 7
4632 7
4637 2
4638 2
4673 8
4678 3
4679 3
4683 9
4687 3
4689 3
4692 7
4697 2
4698 2
4736 8
4738 9
4739 8
4756 8
4758 6
4759 6
4765 8
4768 5
4769 5
4785 6
4786 5
4789 5
4795 6
4796 5
4798 5
4826 7
4827 9
4829 7
4856 7
4857 6
4859 6
4865 7
4867 5
4869 5
4875 6
4876 5
4879 5
4895 6
4896 5
4897 5
4926 7
4927 8
4928 7
4956 7
4957 6
4958 6
4965 7
4967 5
4968 5
4975 6
4976 5
4978 5
4985 6
4986 5
4987 5
5234 9
5236 4
5239 4
5243 7
5247 3
5249 3
5263 7
5267 3
5269 7
5274 6
5276 4
5279 4
5294 6
5296 4
5297 4
5326 8
5328 6
5329 6
5342 8
5348 2
5349 2
5362 8
5368 2
5369 2
5382 6
5386 2
5389 2
5392 6
5396 2
5398 2
5423 7
5427 3
5429 3
5432 8
5438 2
5439 2
5472 9
5478 2
5479 2
5483 7
5487 3
5489 3
5493 7
5497 3
5498 3
5623 8
5628 3
5629 3
5632 8
5638 2
5639 2
5672 8
5678 2
5679 2
5683 7
5687 3
5689 3
5692 7
5697 2
5698 2
5724 6
5726 4
5729 4
5746 8
5748 6
5749 6
5764 8
5768 4
5769 4
5784 6
5786 4
5789 4
5794 6
5796 4
5798 4
5834 6
5836 4
5839 4
5846 7
5847 6
5849 6
5864 7
5867 4
5869 4
5874 6
5876 4
5879 4
5894 6
5896 4
5897 4
5924 6
5926 4
5927 4
5946 7
5947 6
5948 6
5964 7
5967 4
5968 4
5974 6
5976 4
5978 4
5984 6
5986 4
5987 4
6127 8
6128 7
6129 7
6152 8
6157 2
6158 2
6172 8
6178 9
6179 8
6182 7
6187 9
6189 7
6192 7
6197 8
6198 7
6217 8
6218 7
6219 7
6251 9
6257 1
6259 1
6271 8
6278 9
6279 8
6281 7
6287 9
6289 7
6291 5
6295 1
6298 1
6412 8
6418 2
6419 2
6427 9
6428 7
6429 7
6472 9
6478 2
6479 2
6482 7
6487 2
6489 2
6492 7
6497 2
6498 2
6512 8
6517 2
6518 2
6521 9
6527 1
6529 1
6572 8
6578 2
6579 2
6581 9
6587 1
6589 1
6592 7
6597 2
6598 2
6724 9
6728 9
6729 8
6745 8
6748 5
6749 5
6754 8
6758 4
6759 4
6784 5
6785 4
6789 4
6794 5
6795 4
6798 4
6824 7
6827 9
6829 7
6845 7
6847 5
6849 5
6854 7
6857 4
6859 4
6874 5
6875 4
6879 4
6894 5
6895 4
6897 4
6924 5
6925 4
6928 4
6945 7
6947 5
6948 5
6954 7
6957 4
6958 4
6974 5
6975 4
6978 4
6984 5
6985 4
6987 4
7123 8
7128 3
7129 3
7136 8
7138 6
7139 6
7163 8
7168 9
7169 8
7182 3
7183 2
7189 2
7192 3
7193 2
7198 2
7236 9
7238 6
7239 6
7243 6
7246 3
7248 3
7263 4
7264 3
7268 3
7283 4
7284 3
7286 3
7293 6
7294 3
7296 3
7316 8
7318 6
7319 6
7346 8
7348 9
7349 8
7361 4
7364 1
7369 1
7381 4
7384 1
7386 1
7391 4
7394 1
7396 1
7423 6
7426 3
7428 3
7436 8
7438 9
7439 8
7463 8
7468 3
7469 3
7482 3
7483 2
7486 2
7492 3
7493 2
7496 2
7613 4
7614 3
7619 3
7631 4
7634 1
7639 1
7643 8
7648 3
7649 3
7681 4
7683 1
7684 1
7691 3
7693 1
7694 1
7812 6
7813 6
7816 2
7823 4
7824 3
7826 3
7832 4
7834 2
7836 2
7842 3
7843 2
7846 2
7862 3
7863 2
7864 2
7913 4
7914 3
7916 3
7923 6
7924 3
7926 3
7931 4
7934 1
7936 1
7941 3
7943 1
7946 1
7961 3
7963 1
7964 1
8134 6
8136 9
8139 6
8143 6
8146 3
8149 3
8153 4
8154 6
8156 4
8163 9
8164 3
8169 3
8193 6
8194 3
8196 3
8314 6
8316 9
8319 6
8341 6
8346 9
8349 6
8354 6
8356 4
8359 4
8361 4
8364 5
8365 4
8391 5
8394 1
8395 1
8413 6
8416 3
8419 3
8431 6
8436 9
8439 6
8451 9
8453 1
8459 1
8461 3
8463 9
8469 3
8491 5
8495 1
8496 1
8534 6
8536 4
8539 4
8546 7
8547 6
8549 6
8564 7
8567 4
8569 4
8574 6
8576 4
8579 4
8594 6
8596 4
8597 4
8613 9
8614 3
8619 3
8631 4
8634 5
8635 4
8641 3
8643 9
8649 3
8651 9
8653 1
8659 1
8691 5
8694 1
8695 1
8713 5
8715 3
8716 3
8731 4
8734 1
8736 1
8743 5
8745 3
8746 3
8751 6
8754 1
8756 1
8763 5
8764 3
8765 3
8913 6
8914 3
8916 3
8931 5
8934 1
8935 1
8941 5
8945 1
8946 1
8953 4
8954 3
8956 3
8961 5
8964 1
8965 1
9134 8
9137 4
9138 4
9143 8
9146 3
9148 3
9164 7
9167 8
9168 7
9173 4
9174 3
9176 3
9183 6
9184 3
9186 3
9234 7
9237 4
9238 4
9246 7
9247 8
9248 7
9264 7
9267 8
9268 7
9273 6
9274 3
9276 3
9283 4
9284 3
9286 3
9314 8
9317 4
9318 4
9321 7
9327 1
9328 1
9342 7
9347 8
9348 7
9371 2
9372 1
9378 1
9381 2
9382 1
9387 1
9426 7
9427 8
9428 7
9432 7
9437 8
9438 7
9462 7
9467 2
9468 2
9472 3
9473 2
9476 2
9482 3
9483 6
9486 3
9614 7
9617 8
9618 7
9621 4
9624 1
9628 1
9642 7
9647 2
9648 2
9671 2
9672 1
9674 2
9681 2
9682 1
9684 1
9713 4
9714 3
9716 3
9723 6
9724 3
9726 3
9731 4
9734 1
9736 1
9741 3
9743 1
9746 1
9761 3
9763 1
9764 1
9812 4
9814 2
9816 2
9823 4
9824 3
9826 3
9831 4
9832 4
9834 1
9841 2
9842 1
9846 1
9861 2
9862 1
9864 1
